X_Center	BPR1_Y	BPR2_Y	U1518_Y	U1519_Y	CNST_X	GISB_X	MAKO_X	TKAR_X	AHTI_X	MATW_X	CNST_Y	GISB_Y	MAKO_Y	TKAR_Y	AHTI_Y	MATW_Y	U1518_dilatation	U1519_dilatation
-1.000000000000000000e+05	-1.877272909114342922e-04	9.574085178851847748e-05	5.473674106513644680e-05	-3.918467551715038369e-04	-3.172097128535115301e-02	-2.781450775288259875e-02	-2.716622502943611198e-02	-2.161547006251810649e-02	-2.507332223524509629e-02	-2.308361140411067935e-02	-1.560876478932078128e-02	-4.777158581410338722e-02	-1.140750800006424051e-02	1.414827512098733829e-02	-4.811504180544425718e-02	4.803914558887070578e-03	-5.173833132473855463e-10	7.568163338921426214e-10
-9.500000000000000000e+04	-4.937080424219789446e-04	1.110250063127333781e-04	1.903850172499000091e-05	-9.276410145774840674e-04	-7.062863088896897956e-02	-2.893209070737144326e-02	-6.237392141614753194e-02	-5.601891887918523938e-02	-2.337292635442002331e-02	-3.832869138012337529e-02	-4.234017537874269765e-02	-7.521959139751915879e-02	-3.080438104147023570e-02	3.788427177569247961e-02	-6.804871626630135117e-02	5.791624970116560425e-03	-1.292551816247040087e-09	1.732270011393518193e-09
-9.000000000000000000e+04	-6.666580746735940085e-04	-6.224694121282161970e-06	-1.121051818474769212e-04	-1.150687707276062217e-03	-7.701534150665330369e-02	-2.551474071292920281e-02	-7.486962625465043430e-02	-6.042790247264406833e-02	-2.865370094256559919e-02	-2.662613121381804393e-02	-6.600197467069297830e-02	1.453360258875917993e-04	-5.028968360517913766e-02	2.735065124873865133e-02	1.134624397660471094e-02	1.788807213470799962e-03	-1.554150744825309344e-09	2.079396357662631186e-09
-8.500000000000000000e+04	-7.341385075327583982e-04	-6.662300519401622638e-05	-1.751408387028811865e-04	-1.254573124785695161e-03	-6.199948504700782126e-02	-4.793317609572516486e-02	-7.359095518771072153e-02	-4.940538034357923325e-02	-5.224072820818183305e-02	-1.898742952414230259e-02	-8.390903531986330932e-02	3.928952769548099688e-02	-7.308709004814067933e-02	1.564841789274371009e-02	4.215374918891086342e-02	3.859045718844938185e-04	-1.950193684327669294e-09	2.550718370308013972e-09
-8.000000000000000000e+04	-8.267147027096616047e-04	-1.198814262671348842e-04	-2.344074280897631354e-04	-1.431035439806209453e-03	-2.664749457953360240e-02	-6.242743219083979334e-02	-4.831424091320558889e-02	-3.634519913843622940e-02	-6.284471158595161810e-02	-1.348581797138976440e-02	-6.288248025867863855e-02	3.848824996994748560e-02	-8.481062754130297421e-02	7.246893009572768704e-03	3.618232534938030376e-02	-2.494071616676103351e-04	-2.352076338452852798e-09	3.182240158781410191e-09
-7.500000000000000000e+04	-8.316785052952794426e-04	-1.005366424725462614e-05	-1.382783515947961443e-04	-1.652760867125717664e-03	-2.646987502751129567e-02	-5.627317755228484347e-02	-2.065272572120108868e-02	-2.495132139647603109e-02	-5.422283113187831294e-02	-8.993046606119674616e-03	1.720075951848681547e-02	2.491223965004740401e-02	-2.455582203140104988e-02	3.253585433987305105e-03	2.224869540793598249e-02	-3.891275751870921455e-04	-4.450575542858906736e-09	4.780402738889525702e-09
-7.000000000000000000e+04	-1.426912886941266757e-03	5.119492549980864896e-04	2.335923517765887297e-04	-3.707586640718192605e-03	-8.717541404893185131e-02	-5.016230211516970600e-02	-6.916005826085951103e-02	-1.810038927347412674e-02	-4.698276877824623249e-02	-5.917715842370086486e-03	8.396839014287796332e-02	1.611912476415066492e-02	8.612491119476257950e-02	1.725780482341477632e-03	1.402191557476235168e-02	-2.872547348423424912e-04	-1.554753024000704738e-08	1.315530376775434101e-08
-6.500000000000000000e+04	-1.646067357458873889e-03	-1.409486369973873528e-04	-3.297047693928801355e-04	-3.883223421118729181e-03	-7.093487551498228738e-02	-3.806268585504228585e-02	-6.706064229511414509e-02	-1.726842165402684218e-02	-3.616562408038808546e-02	-6.953054385110245955e-03	4.382967473911546230e-02	9.794444870806995329e-03	5.083666014319473958e-02	1.276374222148940344e-03	8.748124624295389173e-03	-4.697504557908337933e-04	-8.161150105239956866e-09	1.232115187405477076e-08
-6.000000000000000000e+04	-1.410284897649711003e-03	-7.189585144518490780e-04	-7.468428447263185735e-04	-3.733747837654482604e-03	-7.184505380400606211e-02	-3.459970222921175675e-02	-7.803546951526857400e-02	-1.722310390902268701e-02	-3.305433335443826171e-02	-7.553787990759921328e-03	2.683606962682375321e-02	6.212527391967575391e-03	3.468037224884534114e-02	4.533602303093650946e-04	5.582484268954043469e-03	-7.303121290652004726e-04	4.528873545071888270e-11	1.298796631333731568e-08
-5.500000000000000000e+04	-1.180189033901233274e-03	-5.805740684940109610e-04	-5.683707899730863029e-04	-4.185427727108733710e-03	-4.730868685102966598e-02	-2.011543336432686235e-02	-5.611195327199339916e-02	-1.008117440634512772e-02	-1.920385503288826040e-02	-4.484487281794442490e-03	1.116326167655193498e-02	2.494530362093901749e-03	1.576000551274037154e-02	-9.402339118999599571e-05	2.231380928415876985e-03	-5.372814957877739212e-04	-2.250570717096537751e-11	1.467376193000763913e-08
-5.000000000000000000e+04	-1.871674431111976667e-03	-5.218737175186050330e-04	-5.198304015394973870e-04	-9.600613335305156065e-03	-3.688562430190565206e-02	-1.528185141571997488e-02	-4.495672607749563732e-02	-7.730757225529519099e-03	-1.459721230943069117e-02	-3.464118799478260475e-03	5.520842805123575212e-03	1.335658788704149717e-03	7.811066617563488385e-03	-2.810716410061872908e-04	1.184085240633400661e-03	-4.846728724640428083e-04	-3.871184494001727553e-09	3.061916196971299671e-08
-4.500000000000000000e+04	-4.845450170392339405e-03	-9.294579061044576211e-05	-2.410097284181716829e-04	-3.321069625788287960e-02	-1.948447993604131984e-02	-7.996845600365088194e-03	-2.389943868134286262e-02	-4.014584634636497729e-03	-7.636368918215612200e-03	-1.765489908071685198e-03	2.159722898296904947e-03	6.177535772614061761e-04	2.926845808865279411e-03	-1.742690847742464958e-04	5.482602472298405078e-04	-2.734259775618013018e-04	-1.928811602817575457e-08	1.314301709375541019e-07
-4.000000000000000000e+04	-1.327587251563522135e-02	1.197751053944477918e-04	-1.774112637022743581e-04	-1.117968561827750451e-01	-1.138730732301368800e-02	-4.828811653920222352e-03	-1.382704117689323789e-02	-2.445925630209859827e-03	-4.616572764869935827e-03	-1.069841482729171935e-03	1.130387215888096087e-03	3.257656619441253224e-04	1.492715313134005631e-03	-1.406940569833755022e-04	2.854365649152403690e-04	-1.884620656260415738e-04	-3.694896879104161957e-08	7.004751724205418454e-07
-3.500000000000000000e+04	-5.115748196540720327e-02	2.318348271610120377e-04	-2.840000287927372559e-04	-9.825202788698605971e-02	-7.676280800961674325e-03	-3.415955950828292002e-03	-9.197121586290223777e-03	-1.771176002525030923e-03	-3.272700231778500821e-03	-7.871911430014686501e-04	6.205818336826073641e-04	1.337526929690668702e-04	8.350802770308181876e-04	-1.621553018478372611e-04	1.079513172564390664e-04	-1.618414705477717245e-04	-6.443987827870207708e-08	-1.366279294282729019e-06
-3.000000000000000000e+04	-1.653631961011753637e-01	2.114632379053691291e-04	-4.809588182532293049e-04	1.246507890419942532e-01	-5.352256887377001421e-03	-2.548663259731997685e-03	-6.308108677310674331e-03	-1.383347201284749767e-03	-2.450116090970134650e-03	-6.501521581362974377e-04	2.119747619115965585e-04	-4.263010955155270164e-05	3.336858686657017759e-04	-2.019593488517142077e-04	-5.712382675696157236e-05	-1.469842744415068608e-04	-9.661108912098705870e-08	1.207096046878956461e-06
-2.500000000000000000e+04	4.126769618900096026e-02	4.502092577178309885e-04	-1.059659689246246136e-03	4.390581106047823645e-02	-3.313291789185345004e-03	-1.635072776732031125e-03	-3.868790678377072821e-03	-9.050646646861748275e-04	-1.574431957071640090e-03	-4.328200536759459508e-04	3.889319556648154243e-05	-8.495795835767611527e-05	1.034821607467228813e-04	-1.649157538428555321e-04	-9.254322253422842871e-05	-1.083436981941126892e-04	-2.139194724421188156e-07	-5.230984728500231670e-07
-2.000000000000000000e+04	9.920767537284583271e-02	6.987302595588836636e-04	-4.083661604917691174e-03	7.489232687212419096e-03	-1.573566967238631403e-03	-7.651377665292643680e-04	-1.838299622275317916e-03	-4.096252827246475627e-04	-7.356758968796828051e-04	-1.810528578037055771e-04	1.777350630312946798e-05	-4.598894213488221531e-05	4.914346809457068016e-05	-8.840632707922010632e-05	-4.995166729337208514e-05	-6.202049532283166605e-05	-5.576019545713586210e-07	-1.928492277947634290e-07
-1.500000000000000000e+04	2.275060029351371263e-02	1.154900597139163276e-04	-2.479753150707349196e-02	2.536742628481771216e-03	-1.567413809043538466e-03	-8.169956925377789073e-04	-1.803642694381982735e-03	-4.653508026720975794e-04	-7.886283288919804756e-04	-2.283988262096720121e-04	-1.010649736387678421e-04	-1.170991038035168599e-04	-8.240111834149416907e-05	-1.283715625877082797e-04	-1.187389392550370151e-04	-7.199997172389449151e-05	-2.027766853717132634e-06	-7.706681823826230740e-08
-1.000000000000000000e+04	5.190159218461959205e-03	-1.284111761273443696e-03	-1.437242653617067933e-01	7.795660955418889449e-04	-2.415974186728295139e-03	-1.427501494491309952e-03	-2.710134180714897367e-03	-9.190780293317677395e-04	-1.388197232860912929e-03	-5.447957236691610989e-04	-4.156209406756503381e-04	-3.151910377582820000e-04	-4.191833963788458716e-04	-2.503664966082395785e-04	-3.114120253578211549e-04	-9.726861379521145254e-05	-1.460984613691774827e-06	-3.813387546403868772e-08
-5.000000000000000000e+03	1.071732037220421126e-03	-1.430332283740813268e-03	-2.718645036243097848e-02	-1.136413851059567116e-05	-1.525642355756426502e-03	-9.346995744202203638e-04	-1.698223985437433050e-03	-6.216675504264544249e-04	-9.108285959308684825e-04	-3.847293304228419693e-04	-3.178358876918100143e-04	-2.269076233558734172e-04	-3.270995480959467956e-04	-1.679758871837719531e-04	-2.231280426999817973e-04	-5.740960306717144226e-05	1.191300284742214636e-06	-1.492269638514913994e-08
0.000000000000000000e+00	-2.591732463986760058e-04	-1.411971135302250669e-03	7.005027563551513570e-02	-4.227676827817599499e-04	-1.055683524770864752e-03	-6.863181812573056033e-04	-1.161327791392118263e-03	-4.834726594339598389e-04	-6.711510781897171100e-04	-3.223700663760926564e-04	-2.855762053049075736e-04	-1.854248699118498083e-04	-3.013830881331219054e-04	-1.210451767325096260e-04	-1.809227963768086553e-04	-2.895319609456542293e-05	2.726156971485906510e-06	-5.248153744989108877e-09
