X_Center	BPR1_Y	BPR2_Y	U1518_Y	U1519_Y	CNST_X	GISB_X	MAKO_X	TKAR_X	AHTI_X	MATW_X	CNST_Y	GISB_Y	MAKO_Y	TKAR_Y	AHTI_Y	MATW_Y	U1518_dilatation	U1519_dilatation
-1.000000000000000000e+05	-4.094816278914917892e-04	1.682785940661546170e-04	8.334931811126351808e-05	-8.242909592240389412e-04	-6.503565283530120256e-02	-4.852157328624757265e-02	-5.609784711424717352e-02	-4.723287701045093823e-02	-4.271241322731472723e-02	-4.385987850255931852e-02	-3.364527631300907179e-02	-9.158383319428062275e-02	-2.455472300091407489e-02	3.225163348027356575e-02	-9.041061749437095951e-02	8.375709094534710200e-03	-1.135452140007151248e-09	1.577357151442081183e-09
-9.500000000000000000e+04	-8.041629329289216995e-04	1.235220863181921646e-04	-1.968956095267575626e-05	-1.473296511140984814e-03	-1.094744605491150963e-01	-3.869567016241638735e-02	-9.873139389973573099e-02	-8.713370781587317926e-02	-3.385690269146213877e-02	-5.287291014889787533e-02	-7.191226380881317326e-02	-8.403969958889456748e-02	-5.278810933077252021e-02	5.351366655133021899e-02	-7.029654158055520519e-02	7.004330937271207279e-03	-2.029518882292125969e-09	2.723121378756675520e-09
-9.000000000000000000e+04	-1.295385081481468734e-03	5.197986412454629987e-06	-2.023214755972997051e-04	-2.252441807075514051e-03	-1.494298532099814780e-01	-5.376278195603448329e-02	-1.464024520595113010e-01	-1.176328509356584506e-01	-5.702242044755306133e-02	-5.466573564673168212e-02	-1.302966082149707994e-01	-1.437401812545937609e-02	-1.004604656981397115e-01	5.660881776016574163e-02	5.296294963213012824e-03	4.336385076319362181e-03	-3.142492754002511937e-09	4.184295079427101034e-09
-8.500000000000000000e+04	-1.494595885787513689e-03	-1.400138698263753449e-04	-3.599802444625422020e-04	-2.555621190848498571e-03	-1.174901793250642257e-01	-9.447847123528652080e-02	-1.407126076033002882e-01	-9.832186141440979466e-02	-1.018924861284312977e-01	-3.835788649282417806e-02	-1.588210319689767336e-01	6.902395324441204516e-02	-1.445619299024208937e-01	3.167911397289385755e-02	7.561052964769399143e-02	8.798143025383358849e-04	-3.884748740428466346e-09	5.145329953723979566e-09
-8.000000000000000000e+04	-1.618118277607929253e-03	-1.934775870841676888e-04	-4.231138343850817784e-04	-2.857675451683711759e-03	-6.348913503684963655e-02	-1.199334231143787399e-01	-9.559341228051418393e-02	-7.285253260692267641e-02	-1.212162465819740242e-01	-2.707889151941656608e-02	-1.087372227086413345e-01	7.499971740028021916e-02	-1.499854296328626824e-01	1.541998558781616790e-02	7.135293591245070455e-02	-3.845389612956258071e-04	-5.124448739532120374e-09	6.614000176273484428e-09
-7.500000000000000000e+04	-1.656683562978854881e-03	5.562188259584973906e-05	-2.091951828301301776e-04	-3.398793116435744506e-03	-6.298961732404545488e-02	-1.086015962442297977e-01	-5.787819873339011822e-02	-4.940121208082297322e-02	-1.050530826624341552e-01	-1.777716053164056509e-02	2.348400498025928970e-02	4.981921225983265700e-02	-4.065493086495922115e-02	6.942471139214955074e-03	4.482579140281219010e-02	-6.877935762748759287e-04	-9.837753117897838461e-09	1.009887489205934881e-08
-7.000000000000000000e+04	-2.458526285171800177e-03	6.315270349975081465e-04	1.884345637170106442e-04	-6.094055669777154877e-03	-1.298209553037399377e-01	-8.995755626503346147e-02	-1.021168587491064345e-01	-3.447060958010811360e-02	-8.480495508453717024e-02	-1.175879576355974392e-02	1.219270014640690403e-01	3.061477710682898937e-02	1.080838173601288144e-01	3.464550258462152556e-03	2.681931070766041536e-02	-5.877359092743991925e-04	-2.316652600865233505e-08	2.076944752319625296e-08
-6.500000000000000000e+04	-3.412133204613434188e-03	-1.436088150624115363e-04	-5.527706272529867015e-04	-8.374911649586048654e-03	-1.697942995183163717e-01	-8.732267733195259174e-02	-1.593193345838911923e-01	-3.752050971199460960e-02	-8.260030729218427459e-02	-1.459459434141726145e-02	1.134028824868390239e-01	2.259559855433279640e-02	1.317423953431531847e-01	2.600801411278065231e-03	1.999182276556771970e-02	-1.018123977576257475e-03	-1.940801142242710093e-08	2.787988835093560627e-08
-6.000000000000000000e+04	-3.074313471373078116e-03	-1.257150447791420111e-03	-1.376923326008616319e-03	-8.185570773728596469e-03	-1.432537231784203058e-01	-7.092488186578470299e-02	-1.522952326931385492e-01	-3.484619930036396418e-02	-6.771680493741806528e-02	-1.508167663950540742e-02	5.870394035806296429e-02	1.383249702767024372e-02	7.324712147855795552e-02	1.229647442705074801e-03	1.242258609367683300e-02	-1.385035666407636711e-03	-3.433638008593978010e-09	2.783755516770266484e-08
-5.500000000000000000e+04	-2.651163537573660717e-03	-1.242638990121598327e-03	-1.221633688439583299e-03	-9.909090666183697355e-03	-1.024696294710796540e-01	-4.416081216692993583e-02	-1.204899516951941363e-01	-2.212307420162607299e-02	-4.216389663704535329e-02	-9.828730222969657426e-03	2.532132438936669089e-02	5.688236020403112519e-03	3.524918395003218130e-02	-1.452700649898786825e-04	5.089731646211507164e-03	-1.161566072786366505e-03	-7.192784909676368279e-10	3.389986491137330074e-08
-5.000000000000000000e+04	-4.471093697350009104e-03	-8.898307481268168811e-04	-9.368828416000456140e-04	-2.468164144850142419e-02	-6.961729814977583863e-02	-2.893309814076129236e-02	-8.454003808809046339e-02	-1.460203381075577539e-02	-2.763345365482133831e-02	-6.522543089307133307e-03	1.118991497614981595e-02	2.693802332355839380e-03	1.579289789912239478e-02	-4.669917727806384596e-04	2.394180726849949245e-03	-8.976262227736910970e-04	-1.207672108578577466e-08	8.249200045748447518e-08
-4.500000000000000000e+04	-1.153577125631029612e-02	-2.430093870932628294e-04	-5.520625626232978592e-04	-8.567450529391054670e-02	-4.118102433474794821e-02	-1.698343817375725512e-02	-5.042142051213648057e-02	-8.551751273283555305e-03	-1.622118203930889707e-02	-3.776838434063521481e-03	4.777448922965572137e-03	1.310190705435671605e-03	6.540438544929230193e-03	-3.799394507621816860e-04	1.160120746585782073e-03	-5.828407237758882319e-04	-4.063888619048143840e-08	4.225025526118994839e-07
-4.000000000000000000e+04	-3.393856799547990272e-02	2.492787018112331728e-04	-3.813480738119411463e-04	-2.221683588512579077e-01	-2.312456993857691170e-02	-9.777162373048653432e-03	-2.810754531510747251e-02	-4.949115600526561229e-03	-9.346547356663969380e-03	-2.165647423916111126e-03	2.310217358439638907e-03	6.600449177691194210e-04	3.064306813402296187e-03	-2.837420359643515275e-04	5.783039117733571825e-04	-3.798782651331084450e-04	-7.839196023794441119e-08	4.903939149918801831e-07
-3.500000000000000000e+04	-1.213296530015353231e-01	3.852511636641081736e-04	-5.671545379318438697e-04	-1.008812240132260368e-01	-1.496351279002590233e-02	-6.671047508946105140e-03	-1.792826551099095667e-02	-3.471098283727340819e-03	-6.392414811574612978e-03	-1.553871412976084391e-03	1.177989723774764460e-03	2.407409841713279591e-04	1.595735641275014462e-03	-3.252281263975493253e-04	1.912335247820602722e-04	-3.154166138032283542e-04	-1.224673654119431792e-07	-1.358010133345409635e-08
-3.000000000000000000e+04	-2.333657512166107950e-01	5.262648120344080600e-04	-1.096805621276286669e-03	1.491948018233089091e-01	-1.078874067284845382e-02	-5.092247191235669060e-03	-1.274260396756783827e-02	-2.746374337705954558e-03	-4.893132816374151997e-03	-1.279779612383675005e-03	4.819561496314311248e-04	-5.285798748242749199e-05	7.341259851084935536e-04	-3.865530693611542818e-04	-8.300220601953765451e-05	-2.896502786030620818e-04	-2.247803063124688959e-07	-1.785569482795152332e-07
-2.500000000000000000e+04	1.132927116341697973e-02	9.612860246199456202e-04	-2.883996087094370560e-03	1.115826546381071260e-01	-6.825296939673696286e-03	-3.339226002099103269e-03	-7.985710589914207791e-03	-1.836187428587990811e-03	-3.213920115732973870e-03	-8.699659102044981400e-04	1.207279264226149978e-04	-1.509457576319167701e-04	2.587169083345936113e-04	-3.254500570500179447e-04	-1.673076346846167684e-04	-2.190752707025696256e-04	-5.161725722117042997e-07	-3.778044318806802602e-07
-2.000000000000000000e+04	1.908497263348910844e-01	1.200203699515237782e-03	-1.295604238396032629e-02	2.023878007092161369e-02	-3.437382390158223548e-03	-1.676940842612261243e-03	-4.013810593648142397e-03	-9.021276568339721587e-04	-1.612767205123610565e-03	-4.031019675121935188e-04	2.723544336661437346e-05	-1.068421000804973338e-04	9.460791520653278924e-05	-1.956169528501861151e-04	-1.152098850809652115e-04	-1.348336206022930812e-04	-1.438777943657360485e-06	-4.458550000755222164e-07
-1.500000000000000000e+04	5.235351543437917476e-02	7.291855318138413156e-05	-5.978946467975511381e-02	5.028596371589958217e-03	-3.170955918094940824e-03	-1.693292338573908163e-03	-3.633023315448969878e-03	-9.917312424787304900e-04	-1.637063112496582595e-03	-5.114241964271909338e-04	-2.561584957859076991e-04	-2.613042877608954791e-04	-2.254248585242562457e-04	-2.661692667296605133e-04	-2.632294448231842785e-04	-1.388614739596998266e-04	-4.213425576900841347e-06	-1.535006784475004125e-07
-1.000000000000000000e+04	1.307945486058344729e-02	-2.154774642505013962e-03	-3.585496960415689438e-01	1.837686204778560478e-03	-4.387011953268199309e-03	-2.571155455307288281e-03	-4.929941125712809270e-03	-1.643912972656794277e-03	-2.499242817073161777e-03	-9.655481050245447172e-04	-7.227035412907565704e-04	-5.556890902053367425e-04	-7.251822430094294163e-04	-4.480275567553434731e-04	-5.495977105045705188e-04	-1.781785031394695143e-04	-4.475187179944009879e-06	-7.932580719452775339e-08
-5.000000000000000000e+03	2.883798483857227205e-03	-3.470948166226413452e-03	-7.715478281434903773e-02	6.165292223060527628e-06	-3.483643380713977514e-03	-2.136311007514465725e-03	-3.877802001539062786e-03	-1.424021559506088086e-03	-2.081967344966745379e-03	-8.846522288948535781e-04	-7.297597541012433272e-04	-5.179877802673962936e-04	-7.519295465713675148e-04	-3.811027587657451381e-04	-5.091488413223159166e-04	-1.280794736942598338e-04	3.815746046341821955e-06	-3.603304452493235367e-08
0.000000000000000000e+00	1.299183891830242528e-05	-2.123798240997273445e-03	2.411493639760538266e-01	-4.579476436364602080e-04	-1.599027767078226286e-03	-1.022281451873031932e-03	-1.764931030854222354e-03	-7.086974071852308399e-04	-9.987009804397358435e-04	-4.631356793964652913e-04	-4.026514757887520021e-04	-2.680636926309679048e-04	-4.222876814647144963e-04	-1.813477538766526697e-04	-2.621109223736134376e-04	-4.888122044566597544e-05	5.665438965224259382e-06	-9.888773694949355023e-09
